00B60DF0 00C49320 00ED7558 00000000 1 0 0 0  0 0 0 0 0 0 0 0
00000000 00000000 00000000 00000000 1 1 0 1 bubble  0 0 0 0 0 0 0 0
00B61FF0 00000000 00000000 00C49600 2 2 0 0  0 0 0 0 0 0 0 0
00000000 00000000 00000000 00C49278 2 6 2 1 t  0 0 0 0 0 0 0 0
00000000 00000000 00000000 00000000 2 6 0 1 z  2 1 20 0 0 0 0 0
00C493C8 00000000 00000000 00C496A8 3 3 0 0  0 0 0 0 0 0 0 0
00000000 00000000 00000000 00C49558 3 6 2 3 i j num  0 0 0 0 0 0 0 0
00000000 00000000 00000000 00000000 4 6 4 2 z a z 0 0 0 0 0 0 0 0
00C49750 00C49CD0 00EC37C0 00000000 5 4 0 1 q  0 0 0 0 0 0 0 0
00000000 00000000 00000000 00C497F8 5 6 2 1 num  0 0 0 0 0 0 0 0
00000000 00000000 00000000 00000000 5 6 0 1 a  2 1 20 0 0 0 0 0
00C498A0 00000000 00000000 00000000 6 3 0 0  0 0 0 0 0 0 0 0
00000000 00000000 00000000 00C49A30 6 6 2 3 i j k  0 0 0 0 0 0 0 0
00000000 00000000 00000000 00C49AD8 7 6 2 1 t  0 0 0 0 0 0 0 0
00C49B80 00000000 00000000 00000000 8 6 3 1 ab  0 0 0 0 0 0 0 0
00000000 00000000 00000000 00C49C28 9 6 2 2 i j  0 0 0 0 0 0 0 0
00000000 00000000 00000000 00000000 10 6 2 1 t  0 0 0 0 0 0 0 0
00EC3BB0 00000000 00000000 00000000 12 5 0 0  0 0 0 0 0 0 0 0
00EC3D00 00EC35C8 00000000 00EC3910 13 7 2 0  0 0 0 0 0 0 0 0
00EC3C58 00000000 00000000 00000000 13 8 2 1 ab  0 0 0 0 0 0 2 0
00000000 00000000 00000000 00000000 13 8 2 1 i  0 0 0 0 0 0 0 0
00000000 00000000 00000000 00000000 13 8 1 0  0 0 0 0 0 1 0 0
00EC3FA0 00EC3868 00000000 00ED78A0 14 7 1 0  0 0 0 0 0 0 0 0
00EC3E50 00EC3520 00000000 00000000 14 8 0 0  0 0 0 10 0 0 0 0
00000000 00000000 00000000 00000000 14 8 2 1 i  0 0 0 0 0 0 0 0
00000000 00000000 00000000 00000000 14 8 2 1 num  0 0 0 0 0 0 0 0
00EC3670 00EC3A60 00000000 00EC3B08 15 7 2 0  0 0 0 0 0 0 0 0
00000000 00000000 00000000 00000000 15 8 2 1 j  0 0 0 0 0 0 0 0
00EC39B8 00EC3478 00000000 00000000 15 8 0 0  0 0 0 5 0 0 0 0
00EC3088 00EC3328 00000000 00000000 15 8 0 0  0 0 0 6 0 0 0 0
00000000 00000000 00000000 00000000 15 8 2 1 num  0 0 0 0 0 0 0 0
00000000 00000000 00000000 00000000 15 8 2 1 i  0 0 0 0 0 0 0 0
00000000 00000000 00000000 00000000 15 8 1 0  0 0 0 0 0 1 0 0
00EC31D8 00EC3DA8 00000000 00EC3130 16 7 2 0  0 0 0 0 0 0 0 0
00000000 00000000 00000000 00000000 16 8 2 1 k  0 0 0 0 0 0 0 0
00000000 00000000 00000000 00000000 16 8 1 0  0 0 0 0 0 1 0 0
00EC33D0 00EC3280 00000000 00ED76A8 17 7 1 0  0 0 0 0 0 0 0 0
00EC3718 00EC3EF8 00000000 00000000 17 8 0 0  0 0 0 10 0 0 0 0
00000000 00000000 00000000 00000000 17 8 2 1 k  0 0 0 0 0 0 0 0
00000000 00000000 00000000 00000000 17 8 2 1 j  0 0 0 0 0 0 0 0
00ED68E0 00ED64F0 00ED72B8 00ED6250 18 7 0 0  0 0 0 0 0 0 0 0
00ED6640 00ED66E8 00000000 00000000 18 8 0 0  0 0 0 10 0 0 0 0
00ED62F8 00000000 00000000 00000000 18 8 2 1 a  0 0 0 0 0 0 1 0
00ED70C0 00ED7408 00000000 00000000 18 8 0 0  0 0 0 5 0 0 0 0
00000000 00000000 00000000 00000000 18 8 2 1 k  0 0 0 0 0 0 0 0
00000000 00000000 00000000 00000000 18 8 1 0  0 0 0 0 0 1 0 0
00ED6AD8 00000000 00000000 00000000 18 8 2 1 a  0 0 0 0 0 0 1 0
00000000 00000000 00000000 00000000 18 8 2 1 k  0 0 0 0 0 0 0 0
00ED6790 00ED6D78 00000000 00ED7168 20 7 2 0  0 0 0 0 0 0 0 0
00000000 00000000 00000000 00000000 20 8 2 1 t  0 0 0 0 0 0 0 0
00ED7018 00000000 00000000 00000000 20 8 2 1 a  0 0 0 0 0 0 1 0
00000000 00000000 00000000 00000000 20 8 2 1 k  0 0 0 0 0 0 0 0
00ED6F70 00ED6448 00000000 00ED6B80 21 7 2 0  0 0 0 0 0 0 0 0
00ED63A0 00000000 00000000 00000000 21 8 2 1 a  0 0 0 0 0 0 1 0
00000000 00000000 00000000 00000000 21 8 2 1 k  0 0 0 0 0 0 0 0
00ED74B0 00000000 00000000 00000000 21 8 2 1 a  0 0 0 0 0 0 1 0
00ED6598 00ED6988 00000000 00000000 21 8 0 0  0 0 0 5 0 0 0 0
00000000 00000000 00000000 00000000 21 8 2 1 k  0 0 0 0 0 0 0 0
00000000 00000000 00000000 00000000 21 8 1 0  0 0 0 0 0 1 0 0
00ED6058 00ED6838 00000000 00000000 22 7 2 0  0 0 0 0 0 0 0 0
00ED6100 00000000 00000000 00000000 22 8 2 1 a  0 0 0 0 0 0 1 0
00ED7210 00ED6A30 00000000 00000000 22 8 0 0  0 0 0 5 0 0 0 0
00000000 00000000 00000000 00000000 22 8 2 1 k  0 0 0 0 0 0 0 0
00000000 00000000 00000000 00000000 22 8 1 0  0 0 0 0 0 1 0 0
00000000 00000000 00000000 00000000 22 8 2 1 t  0 0 0 0 0 0 0 0
00ED61A8 00ED7360 00000000 00000000 23 7 2 0  0 0 0 0 0 0 0 0
00000000 00000000 00000000 00000000 23 8 2 1 temp  0 0 0 0 0 0 0 0
00000000 00000000 00000000 00000000 23 8 1 0  0 0 0 0 0 0 0 0
00ED6C28 00ED6E20 00000000 00000000 25 7 2 0  0 0 0 0 0 0 0 0
00000000 00000000 00000000 00000000 25 8 2 1 k  0 0 0 0 0 0 0 0
00ED6CD0 00ED6EC8 00000000 00000000 25 8 0 0  0 0 0 5 0 0 0 0
00000000 00000000 00000000 00000000 25 8 2 1 k  0 0 0 0 0 0 0 0
00000000 00000000 00000000 00000000 25 8 1 0  0 0 0 0 0 1 0 0
00ED7750 00ED7DE0 00000000 00000000 27 7 2 0  0 0 0 0 0 0 0 0
00000000 00000000 00000000 00000000 27 8 2 1 i  0 0 0 0 0 0 0 0
00ED7F30 00ED7E88 00000000 00000000 27 8 0 0  0 0 0 5 0 0 0 0
00000000 00000000 00000000 00000000 27 8 2 1 i  0 0 0 0 0 0 0 0
00000000 00000000 00000000 00000000 27 8 1 0  0 0 0 0 0 1 0 0
00000000 00000000 00000000 00000000 29 7 6 0  0 0 0 0 0 0 0 0
00ED7948 00000000 00000000 00000000 32 5 0 0  0 0 0 0 0 0 0 0
00000000 00000000 00000000 00ED7600 33 7 3 1 num  0 0 0 0 0 0 0 0
00ED7B40 00ED7C90 00000000 00ED77F8 34 7 2 0  0 0 0 0 0 0 0 0
00000000 00000000 00000000 00000000 34 8 2 1 i  0 0 0 0 0 0 0 0
00000000 00000000 00000000 00000000 34 8 1 0  0 0 0 0 0 1 0 0
00ED7A98 00C4B050 00000000 00C4B0F8 35 7 1 0  0 0 0 0 0 0 0 0
00ED79F0 00ED7D38 00000000 00000000 35 8 0 0  0 0 0 10 0 0 0 0
00000000 00000000 00000000 00000000 35 8 2 1 i  0 0 0 0 0 0 0 0
00ED7BE8 00C4B638 00000000 00000000 35 8 0 0  0 0 0 5 0 0 0 0
00000000 00000000 00000000 00000000 35 8 2 1 num  0 0 0 0 0 0 0 0
00000000 00000000 00000000 00000000 35 8 1 0  0 0 0 0 0 1 0 0
00000000 00000000 00000000 00C4B6E0 36 7 3 1 j  0 0 0 0 0 0 0 0
00C4B398 00C4B830 00000000 00C4B788 37 7 2 0  0 0 0 0 0 0 0 0
00C4AF00 00000000 00000000 00000000 37 8 2 1 a  0 0 0 0 0 0 1 0
00000000 00000000 00000000 00000000 37 8 2 1 i  0 0 0 0 0 0 0 0
00000000 00000000 00000000 00000000 37 8 2 1 j  0 0 0 0 0 0 0 0
00C4AFA8 00C4C208 00000000 00000000 38 7 2 0  0 0 0 0 0 0 0 0
00000000 00000000 00000000 00000000 38 8 2 1 i  0 0 0 0 0 0 0 0
00C4B4E8 00C4B440 00000000 00000000 38 8 0 0  0 0 0 5 0 0 0 0
00000000 00000000 00000000 00000000 38 8 2 1 i  0 0 0 0 0 0 0 0
00000000 00000000 00000000 00000000 38 8 1 0  0 0 0 0 0 1 0 0
00C4B8D8 00C4B590 00000000 00C4BA28 40 7 5 0  0 0 0 0 0 0 0 0
00000000 00000000 00000000 00000000 40 8 2 1 q  0 0 0 0 0 0 0 0
00000000 00000000 00000000 00C4B980 40 8 2 1 num  0 0 0 0 0 0 0 0
00000000 00000000 00000000 00000000 40 8 2 1 a  0 0 0 0 0 0 0 0
00C4BAD0 00C4BB78 00000000 00C4BEC0 41 7 2 0  0 0 0 0 0 0 0 0
00000000 00000000 00000000 00000000 41 8 2 1 i  0 0 0 0 0 0 0 0
00000000 00000000 00000000 00000000 41 8 1 0  0 0 0 0 0 1 0 0
00C4B1A0 00C4B248 00000000 00000000 42 7 1 0  0 0 0 0 0 0 0 0
00C4C160 00C4BCC8 00000000 00000000 42 8 0 0  0 0 0 10 0 0 0 0
00000000 00000000 00000000 00000000 42 8 2 1 i  0 0 0 0 0 0 0 0
00C4BC20 00C4C010 00000000 00000000 42 8 0 0  0 0 0 5 0 0 0 0
00000000 00000000 00000000 00000000 42 8 2 1 num  0 0 0 0 0 0 0 0
00000000 00000000 00000000 00000000 42 8 1 0  0 0 0 0 0 1 0 0
00C4B2F0 00000000 00000000 00C4BD70 43 7 4 0  0 0 0 0 0 0 0 0
00C4ADB0 00000000 00000000 00000000 43 8 2 1 a  0 0 0 0 0 0 1 0
00000000 00000000 00000000 00000000 43 8 2 1 i  0 0 0 0 0 0 0 0
00C4BE18 00C4C0B8 00000000 00000000 44 7 2 0  0 0 0 0 0 0 0 0
00000000 00000000 00000000 00000000 44 8 2 1 i  0 0 0 0 0 0 0 0
00C4BF68 00C4AE58 00000000 00000000 44 8 0 0  0 0 0 5 0 0 0 0
00000000 00000000 00000000 00000000 44 8 2 1 i  0 0 0 0 0 0 0 0
00000000 00000000 00000000 00000000 44 8 1 0  0 0 0 0 0 1 0 0
