00E09E20 00E07308 00CA13F8 00000000 1 0 0 0  0 0 0 0 0 0 0 0
00000000 00000000 00000000 00000000 1 1 0 1 bubble  0 0 0 0 0 0 0 0
00E1C7E8 00000000 00000000 00E06DF0 2 3 0 0  0 0 0 0 0 0 0 0
00000000 00000000 00000000 00E1C890 2 6 2 3 i j num  0 0 0 0 0 0 0 0
00000000 00000000 00000000 00000000 3 6 0 1 a  2 1 20 0 0 0 0 0
00E06E98 00E06F40 00C9D3F0 00000000 4 4 0 1 q  0 0 0 0 0 0 0 0
00000000 00000000 00000000 00000000 4 6 2 2 num j  0 0 0 0 0 0 0 0
00E06FE8 00000000 00000000 00000000 5 3 0 0  0 0 0 0 0 0 0 0
00000000 00000000 00000000 00C9D150 5 6 2 3 i j k  0 0 0 0 0 0 0 0
00000000 00000000 00000000 00C9D1F8 6 6 2 1 t  0 0 0 0 0 0 0 0
00C9D2A0 00000000 00000000 00000000 7 6 3 1 ab  0 0 0 0 0 0 0 0
00000000 00000000 00000000 00C9D348 8 6 2 2 i j  0 0 0 0 0 0 0 0
00000000 00000000 00000000 00000000 9 6 2 1 t  0 0 0 0 0 0 0 0
00C9D498 00000000 00000000 00000000 11 5 0 0  0 0 0 0 0 0 0 0
00C9D540 00C9E330 00000000 00C9E090 12 7 2 0  0 0 0 0 0 0 0 0
00000000 00000000 00000000 00000000 12 8 2 1 i  0 0 0 0 0 0 0 0
00000000 00000000 00000000 00000000 12 8 1 0  0 0 0 0 0 1 0 0
00C9DB50 00C9D6B8 00000000 00000000 13 7 1 0  0 0 0 0 0 0 0 0
00C9E5D0 00C9DCA0 00000000 00000000 13 8 0 0  0 0 0 10 0 0 0 0
00000000 00000000 00000000 00000000 13 8 2 1 i  0 0 0 0 0 0 0 0
00000000 00000000 00000000 00000000 13 8 2 1 num  0 0 0 0 0 0 0 0
00C9E3D8 00C9DAA8 00000000 00C9DE98 14 7 2 0  0 0 0 0 0 0 0 0
00000000 00000000 00000000 00000000 14 8 2 1 j  0 0 0 0 0 0 0 0
00C9D958 00C9DDF0 00000000 00000000 14 8 0 0  0 0 0 5 0 0 0 0
00C9DD48 00C9DF40 00000000 00000000 14 8 0 0  0 0 0 6 0 0 0 0
00000000 00000000 00000000 00000000 14 8 2 1 num  0 0 0 0 0 0 0 0
00000000 00000000 00000000 00000000 14 8 2 1 i  0 0 0 0 0 0 0 0
00000000 00000000 00000000 00000000 14 8 1 0  0 0 0 0 0 1 0 0
00C9D808 00C9E1E0 00000000 00C9E480 15 7 2 0  0 0 0 0 0 0 0 0
00000000 00000000 00000000 00000000 15 8 2 1 k  0 0 0 0 0 0 0 0
00000000 00000000 00000000 00000000 15 8 1 0  0 0 0 0 0 1 0 0
00C9DFE8 00C9E288 00000000 00C9EE08 16 7 1 0  0 0 0 0 0 0 0 0
00C9DA00 00C9E138 00000000 00000000 16 8 0 0  0 0 0 10 0 0 0 0
00000000 00000000 00000000 00000000 16 8 2 1 k  0 0 0 0 0 0 0 0
00000000 00000000 00000000 00000000 16 8 2 1 j  0 0 0 0 0 0 0 0
00CA0308 00CA0110 00C9F150 00C9E778 17 7 0 0  0 0 0 0 0 0 0 0
00C9FDC8 00CA0260 00000000 00000000 17 8 0 0  0 0 0 10 0 0 0 0
00CA0068 00000000 00000000 00000000 17 8 2 1 a  0 0 0 0 0 0 1 0
00CA0458 00C9FD20 00000000 00000000 17 8 0 0  0 0 0 5 0 0 0 0
00000000 00000000 00000000 00000000 17 8 2 1 k  0 0 0 0 0 0 0 0
00000000 00000000 00000000 00000000 17 8 1 0  0 0 0 0 0 1 0 0
00CA0500 00000000 00000000 00000000 17 8 2 1 a  0 0 0 0 0 0 1 0
00000000 00000000 00000000 00000000 17 8 2 1 k  0 0 0 0 0 0 0 0
00C9FE70 00CA03B0 00000000 00C9F888 19 7 2 0  0 0 0 0 0 0 0 0
00000000 00000000 00000000 00000000 19 8 2 1 t  0 0 0 0 0 0 0 0
00CA01B8 00000000 00000000 00000000 19 8 2 1 a  0 0 0 0 0 0 1 0
00000000 00000000 00000000 00000000 19 8 2 1 k  0 0 0 0 0 0 0 0
00C9F3F0 00C9F498 00000000 00C9FB28 20 7 2 0  0 0 0 0 0 0 0 0
00C9F1F8 00000000 00000000 00000000 20 8 2 1 a  0 0 0 0 0 0 1 0
00000000 00000000 00000000 00000000 20 8 2 1 k  0 0 0 0 0 0 0 0
00C9FBD0 00000000 00000000 00000000 20 8 2 1 a  0 0 0 0 0 0 1 0
00C9EF58 00C9F540 00000000 00000000 20 8 0 0  0 0 0 5 0 0 0 0
00000000 00000000 00000000 00000000 20 8 2 1 k  0 0 0 0 0 0 0 0
00000000 00000000 00000000 00000000 20 8 1 0  0 0 0 0 0 1 0 0
00C9E8C8 00C9F2A0 00000000 00000000 21 7 2 0  0 0 0 0 0 0 0 0
00C9F9D8 00000000 00000000 00000000 21 8 2 1 a  0 0 0 0 0 0 1 0
00C9F000 00C9F7E0 00000000 00000000 21 8 0 0  0 0 0 5 0 0 0 0
00000000 00000000 00000000 00000000 21 8 2 1 k  0 0 0 0 0 0 0 0
00000000 00000000 00000000 00000000 21 8 1 0  0 0 0 0 0 1 0 0
00000000 00000000 00000000 00000000 21 8 2 1 t  0 0 0 0 0 0 0 0
00C9F5E8 00C9FA80 00000000 00000000 22 7 2 0  0 0 0 0 0 0 0 0
00000000 00000000 00000000 00000000 22 8 2 1 temp  0 0 0 0 0 0 0 0
00000000 00000000 00000000 00000000 22 8 1 0  0 0 0 0 0 0 0 0
00C9ED60 00C9EA18 00000000 00000000 24 7 2 0  0 0 0 0 0 0 0 0
00000000 00000000 00000000 00000000 24 8 2 1 k  0 0 0 0 0 0 0 0
00C9E970 00C9EC10 00000000 00000000 24 8 0 0  0 0 0 5 0 0 0 0
00000000 00000000 00000000 00000000 24 8 2 1 k  0 0 0 0 0 0 0 0
00000000 00000000 00000000 00000000 24 8 1 0  0 0 0 0 0 1 0 0
00C9EAC0 00CA10B0 00000000 00000000 26 7 2 0  0 0 0 0 0 0 0 0
00000000 00000000 00000000 00000000 26 8 2 1 i  0 0 0 0 0 0 0 0
00C9F0A8 00CA0AC8 00000000 00000000 26 8 0 0  0 0 0 5 0 0 0 0
00000000 00000000 00000000 00000000 26 8 2 1 i  0 0 0 0 0 0 0 0
00000000 00000000 00000000 00000000 26 8 1 0  0 0 0 0 0 1 0 0
00CA19E0 00000000 00000000 00000000 31 5 0 0  0 0 0 0 0 0 0 0
00000000 00000000 00000000 00CA0978 32 7 3 1 num  0 0 0 0 0 0 0 0
00CA0A20 00CA14A0 00000000 00CA15F0 33 7 2 0  0 0 0 0 0 0 0 0
00000000 00000000 00000000 00000000 33 8 2 1 i  0 0 0 0 0 0 0 0
00000000 00000000 00000000 00000000 33 8 1 0  0 0 0 0 0 1 0 0
00CA1158 00CA1200 00000000 00CA1548 34 7 1 0  0 0 0 0 0 0 0 0
00CA1350 00CA0B70 00000000 00000000 34 8 0 0  0 0 0 10 0 0 0 0
00000000 00000000 00000000 00000000 34 8 2 1 i  0 0 0 0 0 0 0 0
00CA1740 00CA17E8 00000000 00000000 34 8 0 0  0 0 0 5 0 0 0 0
00000000 00000000 00000000 00000000 34 8 2 1 num  0 0 0 0 0 0 0 0
00000000 00000000 00000000 00000000 34 8 1 0  0 0 0 0 0 1 0 0
00000000 00000000 00000000 00CA1B30 35 7 3 1 j  0 0 0 0 0 0 0 0
00CA1A88 00CA0C18 00000000 00CA08D0 36 7 2 0  0 0 0 0 0 0 0 0
00CA0780 00000000 00000000 00000000 36 8 2 1 a  0 0 0 0 0 0 1 0
00000000 00000000 00000000 00000000 36 8 2 1 i  0 0 0 0 0 0 0 0
00000000 00000000 00000000 00000000 36 8 2 1 j  0 0 0 0 0 0 0 0
00CA0CC0 00CA0D68 00000000 00000000 37 7 2 0  0 0 0 0 0 0 0 0
00000000 00000000 00000000 00000000 37 8 2 1 i  0 0 0 0 0 0 0 0
00CA1008 00CA0E10 00000000 00000000 37 8 0 0  0 0 0 5 0 0 0 0
00000000 00000000 00000000 00000000 37 8 2 1 i  0 0 0 0 0 0 0 0
00000000 00000000 00000000 00000000 37 8 1 0  0 0 0 0 0 1 0 0
00CA0EB8 00CA1D28 00000000 00CA1E78 39 7 5 0  0 0 0 0 0 0 0 0
00000000 00000000 00000000 00000000 39 8 2 1 q  0 0 0 0 0 0 0 0
00000000 00000000 00000000 00000000 39 8 2 1 num  0 0 0 0 0 0 0 0
00CA1DD0 00CA21C0 00000000 00CA1F20 40 7 2 0  0 0 0 0 0 0 0 0
00000000 00000000 00000000 00000000 40 8 2 1 i  0 0 0 0 0 0 0 0
00000000 00000000 00000000 00000000 40 8 1 0  0 0 0 0 0 1 0 0
00CA23B8 00CA2118 00000000 00000000 41 7 1 0  0 0 0 0 0 0 0 0
00CA2268 00CA25B0 00000000 00000000 41 8 0 0  0 0 0 10 0 0 0 0
00000000 00000000 00000000 00000000 41 8 2 1 i  0 0 0 0 0 0 0 0
00CA1C80 00CA2658 00000000 00000000 41 8 0 0  0 0 0 5 0 0 0 0
00000000 00000000 00000000 00000000 41 8 2 1 num  0 0 0 0 0 0 0 0
00000000 00000000 00000000 00000000 41 8 1 0  0 0 0 0 0 1 0 0
00CA2070 00000000 00000000 00CA4E88 42 7 4 0  0 0 0 0 0 0 0 0
00CA4D38 00000000 00000000 00000000 42 8 2 1 a  0 0 0 0 0 0 1 0
00000000 00000000 00000000 00000000 42 8 2 1 i  0 0 0 0 0 0 0 0
00CA4FD8 00CA5128 00000000 00000000 43 7 2 0  0 0 0 0 0 0 0 0
00000000 00000000 00000000 00000000 43 8 2 1 i  0 0 0 0 0 0 0 0
00CA4DE0 00CA5080 00000000 00000000 43 8 0 0  0 0 0 5 0 0 0 0
00000000 00000000 00000000 00000000 43 8 2 1 i  0 0 0 0 0 0 0 0
00000000 00000000 00000000 00000000 43 8 1 0  0 0 0 0 0 1 0 0
